<?xml version="1.0" encoding="UTF-8" standalone="no"?>
<!DOCTYPE svg PUBLIC "-//W3C//DTD SVG 20010904//EN"
              "http://www.w3.org/TR/2001/REC-SVG-20010904/DTD/svg10.dtd">

<svg xmlns="http://www.w3.org/2000/svg"
     width="6.4in" height="3.6in"
     viewBox="0 0 1920 1080">
  <path id="hi"
        fill="none" stroke="black" stroke-width="1"
        d="M 749.44,577.00
           C 749.44,577.00 789.34,577.00 789.34,577.00
             789.34,577.00 789.34,440.84 789.34,440.84
             806.50,423.73 818.75,414.66 836.59,414.66
             859.34,414.66 869.14,427.92 869.14,461.09
             869.14,461.09 869.14,577.00 869.14,577.00
             869.14,577.00 909.39,577.00 909.39,577.00
             909.39,577.00 909.39,456.20 909.39,456.20
             909.39,407.31 891.19,380.00 850.25,380.00
             824.00,380.00 804.75,394.36 787.94,410.45
             787.94,410.45 789.34,372.31 789.34,372.31
             789.34,372.31 789.34,298.45 789.34,298.45
             789.34,298.45 749.44,298.45 749.44,298.45
             749.44,298.45 749.44,577.00 749.44,577.00 Z
           M 966.44,577.00
           C 966.44,577.00 1006.34,577.00 1006.34,577.00
             1006.34,577.00 1006.34,384.00 1006.34,384.00
             1006.34,384.00 966.44,384.00 966.44,384.00
             966.44,384.00 966.44,577.00 966.44,577.00 Z
           M 986.39,348.00
           C 1001.09,348.00 1012.30,338.20 1012.30,324.20
             1012.30,309.86 1001.09,300.41 986.39,300.41
             971.69,300.41 960.84,309.86 960.84,324.20
             960.84,338.20 971.69,348.00 986.39,348.00 Z" />
</svg>
