<?xml version="1.0" encoding="UTF-8" standalone="no"?>
<!DOCTYPE svg PUBLIC "-//W3C//DTD SVG 20010904//EN"
              "http://www.w3.org/TR/2001/REC-SVG-20010904/DTD/svg10.dtd">

<svg xmlns="http://www.w3.org/2000/svg"
     width="6.4in" height="3.6in"
     viewBox="0 0 1920 1080">
  <path id=" ..."
        fill="none" stroke="black" stroke-width="1"
        d="M 295.00,225.00
           C 295.00,225.00 402.33,225.00 402.33,225.00
             402.33,225.00 402.33,251.83 402.33,251.83
             402.33,251.83 321.83,251.83 321.83,251.83
             321.83,251.83 321.83,360.00 321.83,360.00
             321.83,360.00 402.33,360.00 402.33,360.00
             402.33,360.00 402.33,386.83 402.33,386.83
             402.33,386.83 321.83,386.83 321.83,386.83
             321.83,386.83 321.83,467.00 321.83,467.00
             321.83,467.00 295.00,467.00 295.00,467.00
             295.00,467.00 295.00,225.00 295.00,225.00 Z
           M 402.33,252.00
           C 402.33,252.00 429.00,252.00 429.00,252.00
             429.00,252.00 429.00,359.00 429.00,359.00
             429.00,359.00 402.33,359.00 402.33,359.00
             402.33,359.00 402.33,252.00 402.33,252.00 Z
           M 483.00,225.00
           C 483.00,225.00 509.83,225.00 509.83,225.00
             509.83,225.00 509.83,467.00 509.83,467.00
             509.83,467.00 483.00,467.00 483.00,467.00
             483.00,467.00 483.00,225.00 483.00,225.00 Z
           M 564.00,306.00
           C 564.00,306.00 645.00,306.00 645.00,306.00
             645.00,306.00 645.00,332.83 645.00,332.83
             645.00,332.83 564.00,332.83 564.00,332.83
             564.00,332.83 564.00,306.00 564.00,306.00 Z
           M 537.00,333.00
           C 537.00,333.00 563.83,333.00 563.83,333.00
             563.83,333.00 563.83,440.00 563.83,440.00
             563.83,440.00 537.00,440.00 537.00,440.00
             537.00,440.00 537.00,333.00 537.00,333.00 Z
           M 645.00,333.00
           C 645.00,333.00 671.00,333.00 671.00,333.00
             671.00,333.00 671.00,440.00 671.00,440.00
             671.00,440.00 645.00,440.00 645.00,440.00
             645.00,440.00 645.00,333.00 645.00,333.00 Z
           M 564.00,440.17
           C 564.00,440.17 645.00,440.17 645.00,440.17
             645.00,440.17 645.00,467.00 645.00,467.00
             645.00,467.00 564.00,467.00 564.00,467.00
             564.00,467.00 564.00,440.17 564.00,440.17 Z
           M 698.00,306.00
           C 698.00,306.00 724.83,306.00 724.83,306.00
             724.83,306.00 724.83,387.00 724.83,387.00
             724.83,387.00 698.00,387.00 698.00,387.00
             698.00,387.00 698.00,306.00 698.00,306.00 Z
           M 805.17,306.00
           C 805.17,306.00 832.00,306.00 832.00,306.00
             832.00,306.00 832.00,387.00 832.00,387.00
             832.00,387.00 805.17,387.00 805.17,387.00
             805.17,387.00 805.17,306.00 805.17,306.00 Z
           M 725.00,386.00
           C 725.00,386.00 751.83,386.00 751.83,386.00
             751.83,386.00 751.83,440.00 751.83,440.00
             751.83,440.00 725.00,440.00 725.00,440.00
             725.00,440.00 725.00,386.00 725.00,386.00 Z
           M 778.83,386.00
           C 778.83,386.00 805.00,386.00 805.00,386.00
             805.00,386.00 805.00,440.00 805.00,440.00
             805.00,440.00 778.83,440.00 778.83,440.00
             778.83,440.00 778.83,386.00 778.83,386.00 Z
           M 752.00,440.17
           C 752.00,440.17 778.83,440.17 778.83,440.17
             778.83,440.17 778.83,467.00 778.83,467.00
             778.83,467.00 752.00,467.00 752.00,467.00
             752.00,467.00 752.00,440.17 752.00,440.17 Z
           M 886.00,306.00
           C 886.00,306.00 967.00,306.00 967.00,306.00
             967.00,306.00 967.00,332.83 967.00,332.83
             967.00,332.83 886.00,332.83 886.00,332.83
             886.00,332.83 886.00,306.00 886.00,306.00 Z
           M 859.00,333.00
           C 859.00,333.00 885.83,333.00 885.83,333.00
             885.83,333.00 885.83,360.00 885.83,360.00
             885.83,360.00 967.00,360.00 967.00,360.00
             967.00,360.00 967.00,333.00 967.00,333.00
             967.00,333.00 993.00,333.00 993.00,333.00
             993.00,333.00 993.00,386.83 993.00,386.83
             993.00,386.83 885.83,386.83 885.83,386.83
             885.83,386.83 885.83,440.00 885.83,440.00
             885.83,440.00 859.00,440.00 859.00,440.00
             859.00,440.00 859.00,333.00 859.00,333.00 Z
           M 967.00,413.17
           C 967.00,413.17 993.00,413.17 993.00,413.17
             993.00,413.17 993.00,440.00 993.00,440.00
             993.00,440.00 967.00,440.00 967.00,440.00
             967.00,440.00 967.00,413.17 967.00,413.17 Z
           M 886.00,440.17
           C 886.00,440.17 967.00,440.17 967.00,440.17
             967.00,440.17 967.00,467.00 967.00,467.00
             967.00,467.00 886.00,467.00 886.00,467.00
             886.00,467.00 886.00,440.17 886.00,440.17 Z
           M 1020.00,306.00
           C 1020.00,306.00 1046.83,306.00 1046.83,306.00
             1046.83,306.00 1046.83,333.00 1046.83,333.00
             1046.83,333.00 1073.66,333.00 1073.66,333.00
             1073.66,333.00 1073.66,359.83 1073.66,359.83
             1073.66,359.83 1046.83,359.83 1046.83,359.83
             1046.83,359.83 1046.83,467.00 1046.83,467.00
             1046.83,467.00 1020.00,467.00 1020.00,467.00
             1020.00,467.00 1020.00,306.00 1020.00,306.00 Z
           M 1073.66,306.00
           C 1073.66,306.00 1127.00,306.00 1127.00,306.00
             1127.00,306.00 1127.00,332.83 1127.00,332.83
             1127.00,332.83 1073.66,332.83 1073.66,332.83
             1073.66,332.83 1073.66,306.00 1073.66,306.00 Z
           M 1154.00,306.00
           C 1154.00,306.00 1180.83,306.00 1180.83,306.00
             1180.83,306.00 1180.83,440.00 1180.83,440.00
             1180.83,440.00 1154.00,440.00 1154.00,440.00
             1154.00,440.00 1154.00,306.00 1154.00,306.00 Z
           M 1261.17,306.00
           C 1261.17,306.00 1288.00,306.00 1288.00,306.00
             1288.00,306.00 1288.00,467.00 1288.00,467.00
             1288.00,467.00 1180.83,467.00 1180.83,467.00
             1180.83,467.00 1180.83,440.17 1180.83,440.17
             1180.83,440.17 1261.17,440.17 1261.17,440.17
             1261.17,440.17 1261.17,306.00 1261.17,306.00 Z
           M 1315.00,306.00
           C 1315.00,306.00 1422.33,306.00 1422.33,306.00
             1422.33,306.00 1422.33,332.83 1422.33,332.83
             1422.33,332.83 1395.83,332.83 1395.83,332.83
             1395.83,332.83 1395.83,467.00 1395.83,467.00
             1395.83,467.00 1369.00,467.00 1369.00,467.00
             1369.00,467.00 1369.00,332.83 1369.00,332.83
             1369.00,332.83 1341.83,332.83 1341.83,332.83
             1341.83,332.83 1341.83,467.00 1341.83,467.00
             1341.83,467.00 1315.00,467.00 1315.00,467.00
             1315.00,467.00 1315.00,306.00 1315.00,306.00 Z
           M 1422.33,333.00
           C 1422.33,333.00 1449.00,333.00 1449.00,333.00
             1449.00,333.00 1449.00,467.00 1449.00,467.00
             1449.00,467.00 1422.33,467.00 1422.33,467.00
             1422.33,467.00 1422.33,333.00 1422.33,333.00 Z
           M 1503.00,306.00
           C 1503.00,306.00 1583.00,306.00 1583.00,306.00
             1583.00,306.00 1583.00,332.83 1583.00,332.83
             1583.00,332.83 1503.00,332.83 1503.00,332.83
             1503.00,332.83 1503.00,306.00 1503.00,306.00 Z
           M 1476.00,333.00
           C 1476.00,333.00 1502.83,333.00 1502.83,333.00
             1502.83,333.00 1502.83,359.83 1502.83,359.83
             1502.83,359.83 1476.00,359.83 1476.00,359.83
             1476.00,359.83 1476.00,333.00 1476.00,333.00 Z
           M 1583.17,333.00
           C 1583.17,333.00 1610.00,333.00 1610.00,333.00
             1610.00,333.00 1610.00,359.83 1610.00,359.83
             1610.00,359.83 1583.17,359.83 1583.17,359.83
             1583.17,359.83 1583.17,333.00 1583.17,333.00 Z
           M 1503.00,360.00
           C 1503.00,360.00 1529.83,360.00 1529.83,360.00
             1529.83,360.00 1529.83,386.17 1529.83,386.17
             1529.83,386.17 1503.00,386.17 1503.00,386.17
             1503.00,386.17 1503.00,360.00 1503.00,360.00 Z
           M 1529.83,386.17
           C 1529.83,386.17 1583.00,386.17 1583.00,386.17
             1583.00,386.17 1583.00,413.00 1583.00,413.00
             1583.00,413.00 1529.83,413.00 1529.83,413.00
             1529.83,413.00 1529.83,386.17 1529.83,386.17 Z
           M 1476.00,413.17
           C 1476.00,413.17 1502.83,413.17 1502.83,413.17
             1502.83,413.17 1502.83,440.00 1502.83,440.00
             1502.83,440.00 1476.00,440.00 1476.00,440.00
             1476.00,440.00 1476.00,413.17 1476.00,413.17 Z
           M 1583.17,413.17
           C 1583.17,413.17 1610.00,413.17 1610.00,413.17
             1610.00,413.17 1610.00,440.00 1610.00,440.00
             1610.00,440.00 1583.17,440.00 1583.17,440.00
             1583.17,440.00 1583.17,413.17 1583.17,413.17 Z
           M 1503.00,440.17
           C 1503.00,440.17 1583.00,440.17 1583.00,440.17
             1583.00,440.17 1583.00,467.00 1583.00,467.00
             1583.00,467.00 1503.00,467.00 1503.00,467.00
             1503.00,467.00 1503.00,440.17 1503.00,440.17 Z" />
</svg>
