<?xml version="1.0" encoding="UTF-8" standalone="no"?>
<!DOCTYPE svg PUBLIC "-//W3C//DTD SVG 20010904//EN"
              "http://www.w3.org/TR/2001/REC-SVG-20010904/DTD/svg10.dtd">

<svg xmlns="http://www.w3.org/2000/svg"
     width="4.26667in" height="2.4in"
     viewBox="0 0 1280 720">
  <path id="Path"
        fill="none" stroke="black" stroke-width="1"
        d="M 161.00,8.00
           C 161.00,8.00 237.83,8.00 237.83,8.00
             237.83,8.00 237.83,27.17 237.83,27.17
             237.83,27.17 180.17,27.17 180.17,27.17
             180.17,27.17 180.17,104.00 180.17,104.00
             180.17,104.00 237.83,104.00 237.83,104.00
             237.83,104.00 237.83,123.17 237.83,123.17
             237.83,123.17 180.17,123.17 180.17,123.17
             180.17,123.17 180.17,181.00 180.17,181.00
             180.17,181.00 161.00,181.00 161.00,181.00
             161.00,181.00 161.00,8.00 161.00,8.00 Z
           M 237.83,28.00
           C 237.83,28.00 257.00,28.00 257.00,28.00
             257.00,28.00 257.00,104.00 257.00,104.00
             257.00,104.00 237.83,104.00 237.83,104.00
             237.83,104.00 237.83,28.00 237.83,28.00 Z
           M 295.00,8.00
           C 295.00,8.00 314.17,8.00 314.17,8.00
             314.17,8.00 314.17,181.00 314.17,181.00
             314.17,181.00 295.00,181.00 295.00,181.00
             295.00,181.00 295.00,8.00 295.00,8.00 Z
           M 352.17,66.00
           C 352.17,66.00 409.00,66.00 409.00,66.00
             409.00,66.00 409.00,85.17 409.00,85.17
             409.00,85.17 352.17,85.17 352.17,85.17
             352.17,85.17 352.17,66.00 352.17,66.00 Z
           M 333.00,85.00
           C 333.00,85.00 352.17,85.00 352.17,85.00
             352.17,85.00 352.17,161.83 352.17,161.83
             352.17,161.83 333.00,161.83 333.00,161.83
             333.00,161.83 333.00,85.00 333.00,85.00 Z
           M 409.83,85.00
           C 409.83,85.00 429.00,85.00 429.00,85.00
             429.00,85.00 429.00,161.83 429.00,161.83
             429.00,161.83 409.83,161.83 409.83,161.83
             409.83,161.83 409.83,85.00 409.83,85.00 Z
           M 352.17,161.83
           C 352.17,161.83 409.00,161.83 409.00,161.83
             409.00,161.83 409.00,181.00 409.00,181.00
             409.00,181.00 352.17,181.00 352.17,181.00
             352.17,181.00 352.17,161.83 352.17,161.83 Z
           M 448.00,66.00
           C 448.00,66.00 467.17,66.00 467.17,66.00
             467.17,66.00 467.17,124.00 467.17,124.00
             467.17,124.00 448.00,124.00 448.00,124.00
             448.00,124.00 448.00,66.00 448.00,66.00 Z
           M 525.00,66.00
           C 525.00,66.00 544.00,66.00 544.00,66.00
             544.00,66.00 544.00,124.00 544.00,124.00
             544.00,124.00 525.00,124.00 525.00,124.00
             525.00,124.00 525.00,66.00 525.00,66.00 Z
           M 467.17,124.00
           C 467.17,124.00 486.17,124.00 486.17,124.00
             486.17,124.00 486.17,161.83 486.17,161.83
             486.17,161.83 467.17,161.83 467.17,161.83
             467.17,161.83 467.17,124.00 467.17,124.00 Z
           M 505.83,124.00
           C 505.83,124.00 525.00,124.00 525.00,124.00
             525.00,124.00 525.00,161.83 525.00,161.83
             525.00,161.83 505.83,161.83 505.83,161.83
             505.83,161.83 505.83,124.00 505.83,124.00 Z
           M 486.17,161.83
           C 486.17,161.83 505.17,161.83 505.17,161.83
             505.17,161.83 505.17,181.00 505.17,181.00
             505.17,181.00 486.17,181.00 486.17,181.00
             486.17,181.00 486.17,161.83 486.17,161.83 Z
           M 582.17,66.00
           C 582.17,66.00 639.00,66.00 639.00,66.00
             639.00,66.00 639.00,85.17 639.00,85.17
             639.00,85.17 582.17,85.17 582.17,85.17
             582.17,85.17 582.17,66.00 582.17,66.00 Z
           M 563.00,84.83
           C 563.00,84.83 582.17,84.83 582.17,84.83
             582.17,84.83 582.17,104.00 582.17,104.00
             582.17,104.00 639.83,104.00 639.83,104.00
             639.83,104.00 639.83,84.83 639.83,84.83
             639.83,84.83 659.00,84.83 659.00,84.83
             659.00,84.83 659.00,123.17 659.00,123.17
             659.00,123.17 582.17,123.17 582.17,123.17
             582.17,123.17 582.17,161.83 582.17,161.83
             582.17,161.83 563.00,161.83 563.00,161.83
             563.00,161.83 563.00,84.83 563.00,84.83 Z
           M 639.83,142.83
           C 639.83,142.83 659.00,142.83 659.00,142.83
             659.00,142.83 659.00,161.83 659.00,161.83
             659.00,161.83 639.83,161.83 639.83,161.83
             639.83,161.83 639.83,142.83 639.83,142.83 Z
           M 582.17,161.83
           C 582.17,161.83 639.00,161.83 639.00,161.83
             639.00,161.83 639.00,181.00 639.00,181.00
             639.00,181.00 582.17,181.00 582.17,181.00
             582.17,181.00 582.17,161.83 582.17,161.83 Z
           M 678.00,66.00
           C 678.00,66.00 697.17,66.00 697.17,66.00
             697.17,66.00 697.17,85.00 697.17,85.00
             697.17,85.00 716.33,85.00 716.33,85.00
             716.33,85.00 716.33,104.17 716.33,104.17
             716.33,104.17 697.17,104.17 697.17,104.17
             697.17,104.17 697.17,181.00 697.17,181.00
             697.17,181.00 678.00,181.00 678.00,181.00
             678.00,181.00 678.00,66.00 678.00,66.00 Z
           M 716.33,66.00
           C 716.33,66.00 754.00,66.00 754.00,66.00
             754.00,66.00 754.00,85.17 754.00,85.17
             754.00,85.17 716.33,85.17 716.33,85.17
             716.33,85.17 716.33,66.00 716.33,66.00 Z
           M 773.00,66.00
           C 773.00,66.00 792.17,66.00 792.17,66.00
             792.17,66.00 792.17,162.00 792.17,162.00
             792.17,162.00 773.00,162.00 773.00,162.00
             773.00,162.00 773.00,66.00 773.00,66.00 Z
           M 849.83,66.00
           C 849.83,66.00 869.00,66.00 869.00,66.00
             869.00,66.00 869.00,181.00 869.00,181.00
             869.00,181.00 792.17,181.00 792.17,181.00
             792.17,181.00 792.17,161.83 792.17,161.83
             792.17,161.83 849.83,161.83 849.83,161.83
             849.83,161.83 849.83,66.00 849.83,66.00 Z
           M 888.00,66.00
           C 888.00,66.00 964.83,66.00 964.83,66.00
             964.83,66.00 964.83,85.17 964.83,85.17
             964.83,85.17 945.17,85.17 945.17,85.17
             945.17,85.17 945.17,181.00 945.17,181.00
             945.17,181.00 926.00,181.00 926.00,181.00
             926.00,181.00 926.00,85.17 926.00,85.17
             926.00,85.17 907.17,85.17 907.17,85.17
             907.17,85.17 907.17,181.00 907.17,181.00
             907.17,181.00 888.00,181.00 888.00,181.00
             888.00,181.00 888.00,66.00 888.00,66.00 Z
           M 964.83,85.00
           C 964.83,85.00 984.00,85.00 984.00,85.00
             984.00,85.00 984.00,181.00 984.00,181.00
             984.00,181.00 964.83,181.00 964.83,181.00
             964.83,181.00 964.83,85.00 964.83,85.00 Z
           M 1022.17,66.00
           C 1022.17,66.00 1079.00,66.00 1079.00,66.00
             1079.00,66.00 1079.00,85.17 1079.00,85.17
             1079.00,85.17 1022.17,85.17 1022.17,85.17
             1022.17,85.17 1022.17,66.00 1022.17,66.00 Z
           M 1003.00,85.00
           C 1003.00,85.00 1022.17,85.00 1022.17,85.00
             1022.17,85.00 1022.17,104.00 1022.17,104.00
             1022.17,104.00 1003.00,104.00 1003.00,104.00
             1003.00,104.00 1003.00,85.00 1003.00,85.00 Z
           M 1079.83,85.00
           C 1079.83,85.00 1099.00,85.00 1099.00,85.00
             1099.00,85.00 1099.00,104.00 1099.00,104.00
             1099.00,104.00 1079.83,104.00 1079.83,104.00
             1079.83,104.00 1079.83,85.00 1079.83,85.00 Z
           M 1022.17,104.00
           C 1022.17,104.00 1041.17,104.00 1041.17,104.00
             1041.17,104.00 1041.17,123.17 1041.17,123.17
             1041.17,123.17 1022.17,123.17 1022.17,123.17
             1022.17,123.17 1022.17,104.00 1022.17,104.00 Z
           M 1041.17,123.83
           C 1041.17,123.83 1079.00,123.83 1079.00,123.83
             1079.00,123.83 1079.00,142.83 1079.00,142.83
             1079.00,142.83 1041.17,142.83 1041.17,142.83
             1041.17,142.83 1041.17,123.83 1041.17,123.83 Z
           M 1003.00,142.83
           C 1003.00,142.83 1022.17,142.83 1022.17,142.83
             1022.17,142.83 1022.17,161.83 1022.17,161.83
             1022.17,161.83 1003.00,161.83 1003.00,161.83
             1003.00,161.83 1003.00,142.83 1003.00,142.83 Z
           M 1079.83,142.83
           C 1079.83,142.83 1099.00,142.83 1099.00,142.83
             1099.00,142.83 1099.00,161.83 1099.00,161.83
             1099.00,161.83 1079.83,161.83 1079.83,161.83
             1079.83,161.83 1079.83,142.83 1079.83,142.83 Z
           M 1022.17,161.83
           C 1022.17,161.83 1079.00,161.83 1079.00,161.83
             1079.00,161.83 1079.00,181.00 1079.00,181.00
             1079.00,181.00 1022.17,181.00 1022.17,181.00
             1022.17,181.00 1022.17,161.83 1022.17,161.83 Z" />
</svg>
