<?xml version="1.0" encoding="UTF-8" standalone="no"?>
<!DOCTYPE svg PUBLIC "-//W3C//DTD SVG 20010904//EN"
              "http://www.w3.org/TR/2001/REC-SVG-20010904/DTD/svg10.dtd">

<svg xmlns="http://www.w3.org/2000/svg"
     width="6.4in" height="3.6in"
     viewBox="0 0 1920 1080">
  <path id="Path"
        fill="none" stroke="black" stroke-width="1"
        d="M 270.00,25.00
           C 270.00,25.00 380.41,25.00 380.41,25.00
             380.41,25.00 380.41,52.67 380.41,52.67
             380.41,52.67 297.59,52.67 297.59,52.67
             297.59,52.67 297.59,163.33 297.59,163.33
             297.59,163.33 380.41,163.33 380.41,163.33
             380.41,163.33 380.41,191.00 380.41,191.00
             380.41,191.00 297.59,191.00 297.59,191.00
             297.59,191.00 297.59,274.00 297.59,274.00
             297.59,274.00 270.00,274.00 270.00,274.00
             270.00,274.00 270.00,25.00 270.00,25.00 Z
           M 380.41,53.00
           C 380.41,53.00 408.00,53.00 408.00,53.00
             408.00,53.00 408.00,163.33 408.00,163.33
             408.00,163.33 380.41,163.33 380.41,163.33
             380.41,163.33 380.41,53.00 380.41,53.00 Z
           M 464.00,25.00
           C 464.00,25.00 491.59,25.00 491.59,25.00
             491.59,25.00 491.59,274.00 491.59,274.00
             491.59,274.00 464.00,274.00 464.00,274.00
             464.00,274.00 464.00,25.00 464.00,25.00 Z
           M 546.59,108.00
           C 546.59,108.00 629.00,108.00 629.00,108.00
             629.00,108.00 629.00,135.67 629.00,135.67
             629.00,135.67 546.59,135.67 546.59,135.67
             546.59,135.67 546.59,108.00 546.59,108.00 Z
           M 519.00,136.00
           C 519.00,136.00 546.59,136.00 546.59,136.00
             546.59,136.00 546.59,246.33 546.59,246.33
             546.59,246.33 519.00,246.33 519.00,246.33
             519.00,246.33 519.00,136.00 519.00,136.00 Z
           M 629.41,136.00
           C 629.41,136.00 657.00,136.00 657.00,136.00
             657.00,136.00 657.00,246.33 657.00,246.33
             657.00,246.33 629.41,246.33 629.41,246.33
             629.41,246.33 629.41,136.00 629.41,136.00 Z
           M 546.59,246.33
           C 546.59,246.33 629.00,246.33 629.00,246.33
             629.00,246.33 629.00,274.00 629.00,274.00
             629.00,274.00 546.59,274.00 546.59,274.00
             546.59,274.00 546.59,246.33 546.59,246.33 Z
           M 685.00,108.00
           C 685.00,108.00 712.59,108.00 712.59,108.00
             712.59,108.00 712.59,191.00 712.59,191.00
             712.59,191.00 685.00,191.00 685.00,191.00
             685.00,191.00 685.00,108.00 685.00,108.00 Z
           M 795.59,108.00
           C 795.59,108.00 823.00,108.00 823.00,108.00
             823.00,108.00 823.00,191.00 823.00,191.00
             823.00,191.00 795.59,191.00 795.59,191.00
             795.59,191.00 795.59,108.00 795.59,108.00 Z
           M 712.59,191.00
           C 712.59,191.00 740.00,191.00 740.00,191.00
             740.00,191.00 740.00,246.00 740.00,246.00
             740.00,246.00 712.59,246.00 712.59,246.00
             712.59,246.00 712.59,191.00 712.59,191.00 Z
           M 768.00,191.00
           C 768.00,191.00 795.59,191.00 795.59,191.00
             795.59,191.00 795.59,246.00 795.59,246.00
             795.59,246.00 768.00,246.00 768.00,246.00
             768.00,246.00 768.00,191.00 768.00,191.00 Z
           M 740.41,246.33
           C 740.41,246.33 768.00,246.33 768.00,246.33
             768.00,246.33 768.00,274.00 768.00,274.00
             768.00,274.00 740.41,274.00 740.41,274.00
             740.41,274.00 740.41,246.33 740.41,246.33 Z
           M 878.59,108.00
           C 878.59,108.00 961.00,108.00 961.00,108.00
             961.00,108.00 961.00,135.67 961.00,135.67
             961.00,135.67 878.59,135.67 878.59,135.67
             878.59,135.67 878.59,108.00 878.59,108.00 Z
           M 851.00,135.00
           C 851.00,135.00 878.59,135.00 878.59,135.00
             878.59,135.00 878.59,163.33 878.59,163.33
             878.59,163.33 961.41,163.33 961.41,163.33
             961.41,163.33 961.41,135.00 961.41,135.00
             961.41,135.00 989.00,135.00 989.00,135.00
             989.00,135.00 989.00,191.00 989.00,191.00
             989.00,191.00 878.59,191.00 878.59,191.00
             878.59,191.00 878.59,246.00 878.59,246.00
             878.59,246.00 851.00,246.00 851.00,246.00
             851.00,246.00 851.00,135.00 851.00,135.00 Z
           M 961.41,218.33
           C 961.41,218.33 989.00,218.33 989.00,218.33
             989.00,218.33 989.00,246.00 989.00,246.00
             989.00,246.00 961.41,246.00 961.41,246.00
             961.41,246.00 961.41,218.33 961.41,218.33 Z
           M 878.59,246.33
           C 878.59,246.33 961.00,246.33 961.00,246.33
             961.00,246.33 961.00,274.00 961.00,274.00
             961.00,274.00 878.59,274.00 878.59,274.00
             878.59,274.00 878.59,246.33 878.59,246.33 Z
           M 1017.00,108.00
           C 1017.00,108.00 1044.59,108.00 1044.59,108.00
             1044.59,108.00 1044.59,136.00 1044.59,136.00
             1044.59,136.00 1072.20,136.00 1072.20,136.00
             1072.20,136.00 1072.20,163.67 1072.20,163.67
             1072.20,163.67 1044.59,163.67 1044.59,163.67
             1044.59,163.67 1044.59,274.00 1044.59,274.00
             1044.59,274.00 1017.00,274.00 1017.00,274.00
             1017.00,274.00 1017.00,108.00 1017.00,108.00 Z
           M 1072.20,108.00
           C 1072.20,108.00 1127.00,108.00 1127.00,108.00
             1127.00,108.00 1127.00,135.67 1127.00,135.67
             1127.00,135.67 1072.20,135.67 1072.20,135.67
             1072.20,135.67 1072.20,108.00 1072.20,108.00 Z
           M 1155.00,108.00
           C 1155.00,108.00 1182.59,108.00 1182.59,108.00
             1182.59,108.00 1182.59,246.00 1182.59,246.00
             1182.59,246.00 1155.00,246.00 1155.00,246.00
             1155.00,246.00 1155.00,108.00 1155.00,108.00 Z
           M 1265.41,108.00
           C 1265.41,108.00 1293.00,108.00 1293.00,108.00
             1293.00,108.00 1293.00,274.00 1293.00,274.00
             1293.00,274.00 1182.59,274.00 1182.59,274.00
             1182.59,274.00 1182.59,246.33 1182.59,246.33
             1182.59,246.33 1265.41,246.33 1265.41,246.33
             1265.41,246.33 1265.41,108.00 1265.41,108.00 Z
           M 1321.00,108.00
           C 1321.00,108.00 1431.41,108.00 1431.41,108.00
             1431.41,108.00 1431.41,135.67 1431.41,135.67
             1431.41,135.67 1404.00,135.67 1404.00,135.67
             1404.00,135.67 1404.00,274.00 1404.00,274.00
             1404.00,274.00 1376.41,274.00 1376.41,274.00
             1376.41,274.00 1376.41,135.67 1376.41,135.67
             1376.41,135.67 1348.59,135.67 1348.59,135.67
             1348.59,135.67 1348.59,274.00 1348.59,274.00
             1348.59,274.00 1321.00,274.00 1321.00,274.00
             1321.00,274.00 1321.00,108.00 1321.00,108.00 Z
           M 1431.41,136.00
           C 1431.41,136.00 1459.00,136.00 1459.00,136.00
             1459.00,136.00 1459.00,274.00 1459.00,274.00
             1459.00,274.00 1431.41,274.00 1431.41,274.00
             1431.41,274.00 1431.41,136.00 1431.41,136.00 Z
           M 1514.59,108.00
           C 1514.59,108.00 1597.00,108.00 1597.00,108.00
             1597.00,108.00 1597.00,135.67 1597.00,135.67
             1597.00,135.67 1514.59,135.67 1514.59,135.67
             1514.59,135.67 1514.59,108.00 1514.59,108.00 Z
           M 1487.00,136.00
           C 1487.00,136.00 1514.59,136.00 1514.59,136.00
             1514.59,136.00 1514.59,163.33 1514.59,163.33
             1514.59,163.33 1487.00,163.33 1487.00,163.33
             1487.00,163.33 1487.00,136.00 1487.00,136.00 Z
           M 1597.41,136.00
           C 1597.41,136.00 1625.00,136.00 1625.00,136.00
             1625.00,136.00 1625.00,163.33 1625.00,163.33
             1625.00,163.33 1597.41,163.33 1597.41,163.33
             1597.41,163.33 1597.41,136.00 1597.41,136.00 Z
           M 1514.59,163.33
           C 1514.59,163.33 1542.00,163.33 1542.00,163.33
             1542.00,163.33 1542.00,191.00 1542.00,191.00
             1542.00,191.00 1514.59,191.00 1514.59,191.00
             1514.59,191.00 1514.59,163.33 1514.59,163.33 Z
           M 1542.00,191.00
           C 1542.00,191.00 1597.00,191.00 1597.00,191.00
             1597.00,191.00 1597.00,218.33 1597.00,218.33
             1597.00,218.33 1542.00,218.33 1542.00,218.33
             1542.00,218.33 1542.00,191.00 1542.00,191.00 Z
           M 1487.00,218.33
           C 1487.00,218.33 1514.59,218.33 1514.59,218.33
             1514.59,218.33 1514.59,246.00 1514.59,246.00
             1514.59,246.00 1487.00,246.00 1487.00,246.00
             1487.00,246.00 1487.00,218.33 1487.00,218.33 Z
           M 1597.41,218.33
           C 1597.41,218.33 1625.00,218.33 1625.00,218.33
             1625.00,218.33 1625.00,246.00 1625.00,246.00
             1625.00,246.00 1597.41,246.00 1597.41,246.00
             1597.41,246.00 1597.41,218.33 1597.41,218.33 Z
           M 1514.59,246.33
           C 1514.59,246.33 1597.00,246.33 1597.00,246.33
             1597.00,246.33 1597.00,274.00 1597.00,274.00
             1597.00,274.00 1514.59,274.00 1514.59,274.00
             1514.59,274.00 1514.59,246.33 1514.59,246.33 Z" />
</svg>
